13

49

19

41

49

5

23

44

33

17

35

31

20

20

30

31

36

34

9

7

45

9

7

33

45

43

46

38

20

24

20

46

38

39

50

39

10

2

31

16

23

40

3

40

40

13

33

26

14

14

36

33

3

48

18

36

24

7

48

28

45

43

32

35

35

45

26

4

35

24

41

49

36

16

13

4

34

15

49

3

24

7

11

50

14

30

40

34

46

17

50

39

15

6

32

19

3

33

30

29

11

27

7

16

5

20

34

24

43

29

30

22

38

33

32

23

14

13

11

35

31

40

41

50

29

34

40

28

14

5

15

13

26

3

40

