43

11

25

38

27

24

8

14

14

26

24

24

43

1

31

26

1

19

16

18

25

9

34

37

31

10

46

24

47

10

18

24

4

20

16

40

37

48

4

34

11

43

36

43

27

45

45

26

9

20

50

35

40

46

1

15

17

8

29

1

47

9

16

26

34

8

19

27

19

19

22

45

15

2

18

19

28

35

24

45

17

6

8

11

27

22

6

12

15

31

17

36

1

19

42

5

20

32

21

23

27

33

21

6

12

31

26

47

21

41

35

17

39

27

43

21

11

17

45

45

40

2

15

5

36

35

20

13

14

40

18

19

30

34

15

